5
3
0
1
2
0.6181586087633673
0.030331113282510536
0.7289889666397203
-0.10283954709335565
0.2737865446839355
-0.19430559340479
-0.36958767131052495
0.4202789699130105
0.7152431386454567
-0.3707332324682133
0.7333290417152707
-0.3347176163288909
-0.4577554219063673
0.10928079316056444
-0.3587621995940906
-0.054467328368776845
0.2144211794980776
0.27150747291754074
-0.48034005297623705
-0.8041231209085699
0.19846182882529775
0.8393286912074823
-0.09318980540631261
0.4849561030930669
-0.11078577912518059
-0.765376902982482
-0.6323290836990366
0.11982539918264692
0.2149620181626641
-0.07568003111860566
0.9736857109135993
-0.6066214034538993
0.7709944635327957
0.19385048381006953
